500
0 6457 501 9418 5195 9145 7142 5057 674 8576 4955 2319 2058 5715
1 7089 8093 2949 9707 5000 9927 686 4750 5440 2389 673 5339 6503 5097 4035 2986
2 4090 5574 2123 3418 9485 6371 4008 6656 699 6861 719 6712 2437 2842 6899 3521 557 8470
3 7809 2508 1590 2574 8438 7356 7334 5692 2089 8227 8934 7575 2327
4 9481 9793 4383 5946 2015 3076 1953 2694 8267 9590 2349 1238 3758 3877
5 3838 7006 2345 2248 5532 4720 6387 9459 6155 3438 8367 4705 6369 5748 5038 8994
6 6745 568 1099 1235 3809 4240 2255 1666 5326
7 5652 6256 8731 3131 8481 3591 8944 166 4027
8 8280 2829 1958 9216 2901 5375 5554 6133 3878 159 8188 7481 321 979
9 8806 6542 203 563 8888 434 7339 4087 6658 8183 7413
10 6077 5035 3959 3639 2510 5943 7581 8904 1870 9807 3923 9551 5902 991 4020
11 2126 4631 5206 7257 3881 6572 3871 5361 8483 3720 9244
12 4622 9550 1849 5312 4347 7869 7907 7481 4288 7816 122 1752 2288 2962 2327 8125
13 3623 7175 7308 5606 341 3722 3721 2720 3895 6116 2038 468
14 220 9501 3478 8368 8185 5624 9715 6590 7797 4095 2856 4314
15 815 1493 9474 4731 3739 4678 3972 3121 6983 8658 944 6973 1869 3869 6482 2240
16 8473 6490 6065 4093 8390 2251 3345 9081 5455 774 9141 2285 6643 9990
17 5284 6837 2691 1314 4889 123 464 9576 3901 8008 3699 3830 6534
18 9298 362 7884 367 5010 2220 1572 1954 1077 6313 21 7641 9602 2346 9898 116 2892 4958 7 2666 6161 8134 8125
19 2749 668 5781 5196 4085 1592 4591 2846 5206 4806 4081 7481 7153
20 6832 831 8927 7844 1080 8264 5810 4788 6026 6781 5893 5526 523 5880
21 8382 2532 5814 3978 5126 9225 6686 156 5649 3817 6778
22 9511 9080 4651 2997 3745 7894 9490 4553 695 7066 3025 547 3117 7087 876
23 9411 6713 6841 6393 366 8158 3488 3105 7121 6334 1162 475 1496 8431
24 4135 9303 6050 9532 1468 9100 2093 5315 995 9970
25 7322 6494 2827 8034 1517 4940 804 9546 9707 7
26 7825 8357 5079 6443 5505 1761 4288 4299 2653 7474 243 2038 9032 8406 7413 2121 6938
27 5722 9590 3813 616 9241 2924 3171 9898 7040 9662 1953 3184 6613
28 3639 4880 5002 3373 9152 7150 3847 1907 5331 2558 3244 3498 2416 9461 843 8406 8125 9007
29 1340 2363 5827 3613 8468 2302 3489 6124 6489 7350 281 4730 3936
30 6571 40 8813 403 237 9022 5625 8362 8656 3020 4626 7736
31 4918 1261 6132 8515 1595 2313 1924 9938 7671 7455 8729 6149 2555 1668
32 3862 4332 1440 8845 7052 2947 6749 1177 2454 8340 5964 6161 7880
33 2742 5460 7174 998 1368 1261 4684 334 9047 9144 5775 3074
34 2291 453 9517 5228 6627 790 8255 5564 3552 4316 5870 5604 1858 5661 3113 4679 935 6613
35 6397 4840 5363 5521 5244 180 9687 7689 2880 3354 6537 9834 7762 2962
36 9599 2549 1893 4417 602 3557 2954 8967 7409 2189 125 7932 7057 9804 3792 7153
37 5252 9343 5289 121 1377 7909 2846 8067 7657 1208 5796
38 2545 4595 3424 4966 5261 4174 5181 4019 8673 1624 1713 1981 2414
39 7900 8346 3534 1049 852 1807 6410 7051 9223 9281 8325 5507 3877
40 9763 4248 2460 3736 4725 4826 403 2906 554 1329 4317 1668
41 6668 6432 6619 8976 3525 2208 8120 35 6192 9548 6073 8345 4901 79
42 8595 3707 7296 6241 2985 8120 7648 8226 5368 9588 3704 5880 3936
43 8542 4791 6597 2131 2428 8522 1219 2465 8315 2493 3880 7280 412
44 1076 598 5118 6146 6516 8394 3490 1663 6581 9955 3783 6030
45 8384 6601 3177 2715 7009 5110 3452 465 3782 8056 55 960 2
46 3733 8437 9499 9936 6448 6902 4785 8164 1399 7402 1552 8994
47 6682 4489 6987 908 3881 3653 3200 7890 2750 6082 5322
48 5755 3696 2631 6646 8308 1753 1500 7249 8442 9141 5082 3797 5543 1984 3012
49 9771 9186 4249 7764 7649 8422 2270 1832 7154 8520 731 5775 2240
50 4900 52 3042 308 2872 9149 5919 3228 33 5988 5103 838 5458 7120 321
51 3001 4821 6517 6660 7445 8208 2172 6239 652 5111 6296 3936
52 7779 296 1082 2584 8545 7980 9046 4451 421 1784 2962
53 9335 198 3418 6385 2123 3375 408 8042 1377 1717 8024 4823 3729 6538
54 2402 7911 3132 7220 7953 5589 9373 393 7553 1934 1299
55 1493 7594 1202 3398 9870 736 1186 5050 489 7240 6827
56 7430 680 7493 2816 7729 4238 5780 6172 9621 6544 5483 3377 8830 2962
57 1024 6038 3330 2401 6124 7347 3405 6936 6704 3715 4360 5112 1798 6584
58 8630 3729 9692 9284 6201 2218 1484 6832 5180 7414 3600 30 6855 9968
59 127 7489 7354 3691 2712 1029 2614 4274 5693 5381 1952 9903 3012
60 7417 2083 2937 8360 2731 1654 4373 899 976 3113 979 6692 2288
61 655 3747 5583 7881 5386 7702 1570 9013 4398 6292 4401 5391 5993 2720 9935 1530 2304 5572 9023
62 5575 1266 8992 2538 6329 9459 7638 1255 9487 2768 2240 427
63 6382 5119 8463 1357 1881 4677 4121 9128 6054 79
64 3274 2373 4869 7359 1760 2073 7006 4538 1609 6258
65 8770 1781 4773 5530 3690 2388 1609 2188 2915 3706 9803 8328 9820 9733 1984 7413
66 3065 2023 6680 5766 4850 1919 6877 7096 9692 1797 4040 1223 8116
67 3400 5534 1347 5722 8239 8007 184 9969 2057 4406 869 7206 2986
68 3769 3441 3941 4722 4743 7877 2522 3487 8983 7698 4282 6281 8671 6101 7949
69 4265 2915 4319 9266 1491 6443 4303 1111 2243 3120
70 8538 23 4830 1302 6415 540 3392 3908 5436 2655 7997
71 2723 8493 4356 1425 598 329 6505 2515 8162 1671 3687 6574 787 7864 3836
72 2947 8977 7789 9537 8215 1988 7163 5499 5878 9369 6254 2345
73 8366 9517 4638 343 3264 4359 235 3150 6713 6213 3750 5962
74 8757 5394 9536 2235 1294 9051 153 8233 7791 7852 2555
75 4330 9306 3624 2854 8801 6023 7681 7461 1242 895 4647 8491
76 3156 2433 5676 9855 8570 3709 2850 1288 1065 9981 5451 412 2555
77 795 8941 4421 9384 8205 4588 4952 3054 659 9228 7647 7438
78 1664 4769 8959 2536 8894 60 3520 4772 560 7653 6522 7631 3080 4639 7438
79 8347 6763 6685 154 9835 4875 7568 9508 2364 7713 8830 6458
80 1645 9978 9241 953 3313 5799 6329 7117 5973 3375 323 5457 5099
81 1530 2134 5850 7664 9894 8090 9421 260 2697 5465 5811 1032 4941 5783 7438 6613 2240
82 2362 3189 6661 7542 1154 9216 7113 4608 5109 9500 4253 2507 7123 9055 6748 4340
83 8001 4503 5855 9417 9828 8331 7597 5621 4211 5842 9302 979 7732 6938
84 636 5350 8226 7143 1960 4169 3680 9679 2767 9829 3575 2554 3528 6327 2962
85 5376 3289 8202 8939 5268 7507 5046 6122 7953 3276 528 4068 7949
86 2677 7876 9441 297 7528 869 854 1969 4460 9795 7413
87 8169 98 1122 2590 3974 6860 1941 7716 9121 5913 1558 8235 2085 732 1534 9270 1238 7133 1979 79
88 4293 1296 8350 2143 4484 8405 8557 3417 3437 8541 141 7752 390 730 5359 7949 2240
89 6422 1280 2145 7016 8751 4322 8664 7473 8911 5445 6584 2 7762
90 98 5733 1577 1561 4631 1859 3955 5772 6304 7336 7575 4985 3936
91 8996 3265 5142 9249 7792 1655 2239 8684 853 6863 9542 4226 4752 1353 3371 7762 3012
92 158 974 4979 566 5822 2441 8960 5688 1007 5737 6550 321 2240
93 4908 9905 7802 9474 6969 9152 1481 3283 9408 8155 7180 3103
94 6144 6315 2370 4578 1721 6950 2540 9904 5466 4256 4654
95 5018 8460 5872 9242 752 9170 562 6628 6130 948 6296 7883
96 3404 750 3181 9176 855 1286 2236 3120 9986 5756 2003 707 3877
97 487 1576 330 5169 1370 9484 9415 8199 9894 1741 2340 6021
98 5059 2207 7917 4788 1565 7905 8133 7998 9194 789 1479 8061 7349 4526 1121 2240
99 4861 8353 2331 5402 3191 2334 5986 4266 76
100 2379 9110 1617 4144 1897 1555 7856 4693 8179 9348 1930 1960 3914 221 1401
101 5927 1697 9714 4757 7592 9527 3170 7640 724 5124 2422 3032
102 7002 2999 3402 2212 6348 629 4212 5378 3789 716 6433 1491 6101 5869
103 6950 6897 2484 7184 315 385 6085 1147 6106 6656 5788
104 592 3315 8114 7227 7757 7559 6119 5066 5109 324 7521 9654 4222 8105
105 103 6493 4023 8033 8829 1069 9142 8881 6616 8910 7732
106 7501 3601 8440 9318 893 4245 3875 977 2519 345 9893 1749 4130 2412 5715
107 1909 2428 2826 6882 316 6272 44 3701 3199 1042 9669 4199
108 2068 8547 7784 3128 3415 5662 6107 5487 8829 5557 3453 6528 420 6101
109 7711 8911 1943 8603 3328 6079 478 2845 9304 7302 133 2892
110 9668 3299 1992 6745 2796 9524 8394 5886 4480 7087 3106 2615 6021
111 5486 8676 9769 6038 1244 7261 5375 7595 6710 7355 2155
112 4506 6577 1008 6857 8574 8118 7560 6411 6042 6907 6327 1534 7997 79 321
113 7119 7804 3192 3943 7891 4682 5485 1732 3795 2533 321
114 4543 9685 605 7358 1475 9154 8755 4668 960 1391 2437
115 7228 415 375 1210 8260 1998 4347 4041 4670 8418 2526 7085 412 3982
116 9944 1310 4652 7576 3189 1975 837 5008 906 6065 4913 583 3936
117 1087 6970 2910 9189 7894 5290 9895 4968 2569 8314 7771 9836 5572 5412
118 1386 1130 3496 3171 6075 4991 5654 7433 2519 6798 8082 4772 6485 7105 2 3894 2555
119 9658 8837 9891 3094 4046 3818 9746 5664 2948 7614 4967 148 9848 7153
120 2435 1894 9343 1320 4015 9976 9698 4203 5187 2243 4108
121 9208 2503 5761 9340 8233 5986 3137 4432 3695 5703 4152 4752 1871 4314 2240
122 103 2318 4947 5670 3619 1101 9180 6209 7961 5613 9615
123 7693 5976 4001 8440 2922 1067 2116 8102 7230 4743 7594
124 305 720 1796 3667 5809 6125 3445 1151 4116 9364 9444 3316 79
125 6265 8389 4572 2936 1817 2517 6575 6593 9349
126 604 9361 2110 6693 5415 8056 5083 3766 3902 6629 925 935
127 8237 8458 7465 6185 1116 1717 2351 150 2366 6613
128 5026 2295 8621 9917 7723 3276 9196 3977 4873 9371 7141 7381 4345 847 7852
129 5929 7069 1757 6231 7490 9483 8195 7719 7329 8092 3011 753 2589 1735 1181 139 9930 6030 2
130 7108 7827 5298 2961 9063 7242 5850 1431 7689 7069 4967 9533 2555 569
131 4 8675 772 6097 3909 1807 1815 8004 2267 3799 3842 1299
132 8968 8524 6789 1901 4476 9860 9153 7318 6573 8819 4029 1299
133 9781 3390 4017 5203 962 5803 611 8312 4356 7267 843 1534
134 7591 4891 8504 3035 8094 8712 9920 4000 8606 6060 5752 3982 3894
135 9456 6735 8263 2952 2450 4312 1021 1020 8608 7050 8609 7933 7710 8284
136 6548 1734 567 6194 6051 7247 752 2547 4688 6952 3209 7771 3877
137 5127 5456 9857 2706 4039 338 2308 9912 3027 3998 6771 8217 7992 9224 6534 935
138 3459 7875 6231 5468 319 296 1030 8665 9279 8728 8092 8618 569
139 4050 748 6709 8160 9875 8971 4239 8136 4376 4832 2444 4340 7949
140 3096 6339 303 5843 4284 9871 2200 602 6824 5854 1476 7880
141 5724 2243 3837 9630 7313 9681 1798 2625 5977 129 4013 5942 1256 2121 5715
142 2833 6735 5928 4846 4329 2270 360 5920 6757 2058 2693 3885 7949
143 6450 1459 5603 3311 3026 2306 7381 4577 5775 3877
144 3829 6745 7840 6113 1712 150 688 9228 4211 2114 3894 2288 6613
145 7232 7933 130 7935 8451 7359 1284 8320 1983 6257 8107 1429
146 7654 6736 3233 3366 8312 1297 5078 2714 5375 7487 2130 7133 6613 2288
147 7201 6005 5403 5849 62 2947 5580 4597 1801 7458 9735 7899 6409 1391 3801 4343 8644
148 2093 2119 1457 5707 1960 9789 7464 8844 2058 9666 9312 3192 438 5605 410 6424 4901 7153
149 7672 4651 920 2791 470 859 8277 9757 8323 1514 5785 4378 9014 9990 9533
150 6033 5409 8756 2402 9050 1933 5110 8931 4873 1218 5743 940 1418 7762 3982 5156 5412 1774
151 5139 4933 1532 8318 392 8967 5410 5131 1125
152 3323 9761 6607 4932 1518 2275 7821 4973 100 1911 7563 4450 8396 1984
153 3557 1838 3677 2149 2282 1259 2604 5801 3570 272 2154 2769 4020 2986
154 7104 7158 6348 8444 969 7966 7262 8305 9534 1079 745
155 3433 7157 2860 6504 6864 5938 4477 1867 9548 220 6978 8431 2962
156 6416 5851 5727 5953 5919 9049 4645 2811 459 7841 7012 3521 8994
157 763 7887 9726 8040 8393 3034 7050 7654 7955 1256 1668
158 9530 241 1976 7589 2754 6034 5361 771 2598 90 7001 9758 7210 4967 321 3012
159 3782 1911 2498 4370 1825 1912 7966 6498 5433 5661 820 3173 6608
160 6627 3940 2835 8530 2020 1753 8066 6615 2096 7921 8947 6986 6101
161 8714 6405 7580 100 87 3034 3963 8466 400 3178 6193 9579 1348 3885 4035
162 982 4827 9978 2777 1945 3815 9782 7280 1560 7652 2555 2288
163 7942 6432 1779 1622 458 6396 316 7700 1869 3158 5848 321
164 5086 827 2925 9207 8226 8318 1809 658 9698 1132 9947 7120 7153 1668
165 8774 3175 9532 1292 865 5114 5529 2111 285 1528 3132 399 9842 9007
166 6345 9966 1017 4812 6498 9530 5114 9743 5418 1429 5962
167 5766 1316 533 1548 848 1107 7346 1193 6331 4957 476 7762
168 8619 8481 3868 5763 3291 3515 4055 6276 9886 3716 6044
169 4244 9455 1321 9692 2885 2017 1280 7755 5186 1344 2729 7859 6729 8450 5340
170 3554 8940 8237 6471 4834 6578 2084 9179 797 455 2578 9465 3012
171 8737 2967 758 7173 4047 5466 6993 4698 2486 8411 7590 2185 5904 3916 2589
172 8975 9017 8732 5142 5481 1155 7100 3292 8569 7354 6020 3830 1668 321
173 4247 2454 5522 9509 5919 4117 1564 8180 5976 2677 1428 9270 79 2288 9139 3012
174 441 8741 6746 9340 5267 7898 3637 5382 3325 771 9283 6922 7179 6613
175 5595 4307 5297 9145 3523 4223 2515 7327 4771 9733 394 3914 321
176 3219 9098 4897 7524 4334 6277 3610 4442 5608 8184 7043 5768 1956 7206 321
177 1502 4572 6860 7847 7217 2736 7262 1643 7666 3825 1181 3012 8994
178 5598 5107 1418 2675 6607 6637 9372 5511 8484 427 2
179 4563 6524 9092 3125 5930 7226 9158 2390 9547 5163 9825 1790 148 4035 9842
180 6200 8190 1180 3536 6746 2633 4563 3274 7072 6980 7762 9533
181 6776 3971 5001 5427 3892 5367 6642 3 3362 7874 5437
182 6628 6639 5327 8318 8738 6926 5006 7308 8334 7210 6161 4170 5885 4151 5412
183 317 5159 1508 6397 6553 7907 351 8604 6909 3584 79 2986
184 279 4431 1280 3702 7037 5683 9187 2433 591 1989 8534 9608 8585 5712 7023 3012
185 9691 59 1964 725 1077 5691 277 6674 2110 2105 7732 7285 412 3023 2790
186 6870 886 8238 1065 6131 9912 2423 4894 7398 6822 2863 3783 9007
187 6882 6764 2952 7311 5049 9207 1537 1579 2978 221 9848
188 9339 7552 2153 4181 3682 9278 5143 1126 5182 4526
189 587 2172 9779 4471 8360 1493 759 4395 145 4843 4326
190 3286 3959 1160 4252 4597 4061 7381 8446 8750 2740 9852 8406
191 2213 7436 7824 1017 4563 4483 3002 4743 5546 5389 4962 9197 2962
192 1823 769 1039 5439 7314 3420 9285 4513 6638 2675 7088 3012 7153
193 6037 7910 2043 2504 3293 4510 7872 9663 7728 1375 5412 321
194 3411 406 3439 4769 9668 4062 7504 1427 4937 3129 56 1042 7652
195 3782 1040 4739 7114 7777 5316 8836 9606 1189 6191 7977 2599 372 1036 7203 5451 427
196 1002 7350 563 1010 2581 4025 6354 4067 5829 6526 4624 5748
197 9819 3511 8080 3951 9698 7344 9173 7622 1597 9699 3092 6187 2704
198 1698 1203 6609 4019 7940 6320 3985 9974 9124 7790 9842
199 4472 9782 972 7524 1560 9895 6731 4561 7926 5294 5661 349 6223 3827 1871 4901 979
200 2389 365 5382 184 6382 2550 8263 6244 9862 8449 9740 4697 3513 2
201 3221 2827 2720 659 845 2231 8520 8256 6625 5870 4401 4199
202 7173 319 7715 5296 6741 9479 8426 6884 3461 3952 1900 9777 6635
203 1894 2195 9676 4788 2299 3115 7257 5459 3975 3038 9663 6298 9627 7852
204 8547 3433 5672 7837 938 8868 7823 1265 955 5744 4923 6101
205 4594 6210 4814 8011 7680 1055 2164 9064 8461 6833 8462 7759
206 5907 172 6956 8746 446 9514 6257 5870 8310 6609 9173 865 7367 2340 4314 8125
207 4058 2998 8037 9693 4837 4549 3987 6563 3295 7806 1668 2643
208 194 3547 7730 4627 1426 9211 6243 7555 6374 8077 6969 6669 8146 5053
209 5835 4058 5703 3500 3544 8074 2081 8752 163 5412 5340
210 3280 3755 3532 1381 5213 558 7942 1756 3669 4588 4077 2192 9848
211 49 5614 2878 5532 6703 6574 3149 5045 3211 7659 7413 1774
212 2934 7416 7461 4106 9414 3301 9210 2909 7025 8157 3032 8491
213 1108 7160 3129 2678 2384 4453 5181 9774 5770 9872 6833 2904 9834 3894
214 5731 2306 8265 6557 7969 8676 8638 3475 7356 8095 5677
215 5453 7208 4740 5169 7617 3447 153 1104 7571 2666 427
216 2372 849 4000 8566 6137 6479 8529 1651 3049 2524 6263 9145 513 1299 5307
217 9234 7138 2563 519 8654 8827 4952 7078 1433 5030 1439 7059 2867 8396 5412 9968 79
218 3886 4124 5347 3589 9377 4633 1387 841 8521 1849 6359 3883 7899 7133 7949
219 2795 1533 9490 2463 6164 23 6052 5510 8807 2235 261 385 4679 4326
220 7990 2479 7326 8976 723 6562 6337 465 9498 5448 6621
221 7824 1006 2559 8617 6997 8948 6731 5377 2871 7231 8581 7864
222 4566 3033 919 1850 498 8319 9927 8245 1655 9237 4984 683 5005 1791 7517 6101 8812 9968 5715 321
223 9314 4673 5179 4569 6710 9330 1960 7100 7157 5369 7054 8639 9178 935
224 3608 9661 1403 4727 8573 1818 8675 178 8352 4927 7659 8284 6534 2327 2962 79
225 7500 8079 8237 7522 5367 3152 3582 8570 4655 7893 8849 6770 7883 1774
226 6612 7307 5476 4003 3694 1114 1548 9098 5280 6712 3894
227 2893 5123 140 8939 3785 7859 9954 5683 5170 7292 3926 3700 6875 8716 3894
228 8796 6364 5938 9421 9556 5106 5256 9472 7670 7652
229 119 4936 6368 563 3341 8963 7650 5708 6258 5715
230 7881 728 1201 2644 1297 1481 9495 7686 6386 3383 3815 3545 7880
231 8114 735 4482 3255 1567 4099 7472 9804 2628 2816 4217 3495 4356 8932 9842 3012
232 4214 9566 4835 9878 8514 8715 9197 4266 7453 315 8894 9415 8104 352 2340 2643 6101 6613
233 986 4956 9622 1566 6255 8689 8435 3881 4060 2232 427
234 2756 4593 5960 5079 9811 3645 942 6914 8092 3894 4199
235 5037 1594 8177 1813 3690 2908 9824 741 7472 321
236 9156 947 2675 6868 4373 9375 8648 1878 1562 1315 5654 4985
237 160 6203 392 5635 927 6317 73 4453 9710 8428 6537
238 2789 9414 8686 6312 6530 1057 8317 210 9187 9398 6324 4741 1195 7604 1611 1774 2121
239 2825 3525 4555 472 3697 6896 1537 6647 1156 9580 3474 8217 9086 5715
240 8640 386 6912 3890 7249 1697 2952 930 9325 8711 2422 6487 6327 1774
241 3600 5730 7150 5605 4867 871 90 1920 8813 2743 9668 7602 5288 7864 79
242 4943 7639 9039 4139 1114 4205 9703 7161 2541 7912 6949 8841 3602
243 6358 4980 5864 8273 5217 8549 142 1092 270 8693 1625 2240
244 9210 8917 9366 4015 7315 4631 7416 3607 3814 857 7791
245 4224 6587 3907 1584 3500 6504 1822 4251 8605 3097 8 7992 5340
246 5030 6223 688 3592 1907 6391 9356 6604 8112 7268 3612 2329 4297 9933 1774
247 2181 7215 2526 1011 9717 7334 6760 8103 6947 6406 1580 6296 3543
248 3100 52 1826 2877 1498 239 5044 4296 827 1214 779 2781 9013
249 7077 8622 448 9210 9807 653 341 9667 601 2536 4120 5286 2327 7652
250 1143 7527 9402 7966 729 1709 1586 7336 3127 7920 8594 6070 8716 1343
251 4215 2067 9980 8340 5963 8571 7042 5019 2666 439 6597 4442 8135 569 1524
252 1139 1326 9207 8971 195 5365 604 5131 7877 3267 6666 7545 2114 321 2555 427
253 5299 1437 9817 6818 5655 9891 9298 3148 7419 6877 2569 1763 2240
254 2002 3248 1417 7276 8054 4264 2375 1574 5355 5663 779 6702 5365 1498 8711 3982
255 4182 945 4112 2321 4305 678 6476 520 6768 2923 8255 8234 658 8708 7037 8068 4870 9008 2480 9533 8994
256 1497 8435 6682 9773 119 5207 7573 5370 9688 9023 5880
257 5957 3945 2310 923 1826 8672 8720 3277 8152 2137 188 8069 6938
258 4115 5785 1014 3971 3615 7660 8171 6061 4404 4013 5995 896 5848 979
259 8149 164 305 72 9231 7428 5529 3332 3059 4170 6022 881 7266 9688 3006
260 4355 5280 5423 8798 1828 4099 7666 9054 3040 6768 2071 88 925 6920
261 9494 9522 2454 6527 4047 6688 1648 2590 1521 1082 2211 3236 2489 912 5322 9990
262 6452 6708 518 1035 9457 8605 2313 6139 196 3867 8319 6001 802 7997 7153 9533
263 5158 7963 4097 6342 3999 2203 7875 2952 7222 1079 9551 780 6537 3012
264 5680 7651 7184 681 7448 4119 1335 4227 5470 9045 4070 5386 5962 5715
265 3508 5773 9254 5135 7447 1828 1356 7301 6900 5379 7165 7338 3268 7521 4176 979
266 2835 3132 632 9722 1652 5466 2104 5470 8636 4192 4580 1328 369 6778
267 9622 6713 3990 7216 4854 8353 4837 2668 6248 3904 3799 3408 3870 1358 2240 2962
268 9606 6942 7043 5464 291 3255 5943 3482 458 2544 4572 850 5748 9007 6547 2962
269 6098 4172 7464 9781 8940 4382 5118 5937 5193 7842 8062 3877
270 2166 827 6435 94 6139 9742 7577 4911 4738 2956 2595 6785 1348 5869 8994
271 4253 2317 2664 3979 3805 382 3399 7540 2966 3507 3408 7367 527
272 7887 5279 480 3381 9030 185 1805 9976 8050 4359 527 9007 8491
273 3672 411 9797 4049 9912 2582 6354 1357 8207 9153 7138 1668
274 5370 8532 6452 6292 3131 8972 1829 6286 9389 7829 8722 4020 9842
275 506 5255 3614 1973 4435 6669 3375 8822 9022
276 8661 8038 5558 528 2793 5117 6918 6367 4455 445 1031 7854 4787 3144 6538
277 2443 8425 8483 5707 6477 2112 455 9328 4723 1310 9128 1133 5979 5386 7699
278 2317 5834 7471 5744 3164 9237 4972 8916 4572 7812 6085 79 7153 2240
279 1392 4456 7022 9494 6091 8901 3479 1338 7688 7090 2856 6044
280 976 8222 3327 6990 1376 7379 2027 7824 9141 2442 7754 523 1657 476 4350 8994
281 4082 680 7433 3681 6551 8218 966 1451 9821 5499 1755 1562 4254 5251 3468 3012 7153
282 8482 3011 6591 3457 1855 3374 5547 4756 7287 4589 6046 3397 9107 2114 1134 7949
283 7777 3214 3092 3481 4600 21 4796 159 5476 8182 8429 8154 3948 2773 427
284 1920 6320 9490 5010 8739 5824 9157 4090 3244 4389 3956 7618 3103 2327
285 2861 8468 446 8662 3800 7259 2674 5573 512 8077 2335 1106 8462 7240 321
286 2307 2498 7654 6511 2878 391 4152 4243 7373 2629 5384 8329 4222 2
287 4793 8236 4410 8025 6398 8111 5103 7686 7571 3473 7021 9260 937 4314 6613
288 1991 8529 3209 109 152 6750 2225 5795 189 89 6946 6970 4843 6613 1774 9903 6938 2240
289 2141 2516 5890 3699 3492 4484 9859 9050 6760 265 8887 7746 1117 5677
290 8 2119 3813 5392 8486 3044 9614 1124 2657 326 8443 30 1752 7438
291 8891 4672 5018 6552 8383 4162 9208 5759 8453 4805 9605 9888 1647
292 6971 8192 1802 3300 1127 9951 7347 3278 971 2029 1058 2288
293 6573 551 5333 6982 744 1845 9698 9535 7742 3808 3293 5903 5795 7855 2373 5061 5752 569
294 2841 8996 6215 7043 1129 1347 6526 7608 6887 1579 4354 1496 5507
295 8607 9675 2863 8801 118 3293 4013 2764 3618 700 5902 2439 199 9244
296 7071 9745 287 1323 6366 8642 9341 9067 863 6770 8681 3313 3354 4744 8922 3074
297 151 5971 1510 6658 1208 5263 9159 4940 1840 5623 4200 8162 6613 5715
298 3826 1622 8200 3434 824 8476 9064 8593 587 6837 2135 5677 3894 9007
299 44 4672 7112 7565 7890 9221 500 872 9456 8733 3032 3982
300 2029 4981 5382 3452 8457 9440 6112 3614 6636 5192 8893 5112 3981 7883
301 1517 2776 1341 3889 2758 1371 328 3659 3820 976 7092 7069 2349 7713 7699 2288
302 8137 3198 7567 8941 9371 1743 2009 5082 1930 4934 9669 7699
303 6605 3021 8021 4713 3996 9188 7937 3412 4140 9208 9677 3074
304 3136 6930 3069 9755 7157 9752 4 7083 5798 3231 2790 2155 2
305 2092 9521 7338 9340 1690 7833 1054 7223 5119 4389 9722 7657
306 5302 441 7191 4934 1776 8549 4835 6527 3653 5466 8018 9024 4527 7949 321 5412
307 3911 4996 52 7546 9579 797 4818 8710 8135 756 511 7105 6465 5412
308 4829 2697 9761 5912 5534 2652 9832 3953 4589 5126 8410 4533 3901 9822 454 3543
309 7584 122 666 6294 2920 4440 6619 4605 3086 1905 6698 6549 4352
310 2740 7607 3838 7561 1007 3428 2953 1114 7832 2315 8027 8125 5715
311 6893 2271 8521 4059 3754 2584 2640 6330 7800 5411 8688 7771 5245 311 3074 2
312 6242 8024 2223 6508 8624 4330 1574 2332 2065 2161 7053 9842
313 2282 562 2287 4903 2206 1381 9811 778 6119 8149 7320
314 5681 8040 2132 888 3242 6521 525 2313 5461 4583 9898 1157 6662 977 2058 935
315 3180 2815 893 851 8270 3828 4267 7526 694 703 8484 6482 5412
316 9810 6180 5354 5945 1024 6145 9987 6041 6376 2760 935
317 1111 5388 4470 163 1881 1794 7916 6720 5961 8505 8057 7992 259 3012
318 3552 5432 6540 4127 9650 8335 190 4722 9200 3277 7418 2563 1831 7929 3089
319 8521 3600 9065 4892 4815 8514 3415 5805 3953 4858 946 2858 4400 935
320 7721 6567 3162 4579 4335 98 8388 6599 3465 2037 7977 1858 2693 3395 7429 9139 2962
321 2694 1473 1178 2101 9424 4837 4475 715 1826 4911 3262 1711 5413 6134
322 1303 4360 8940 2098 6235 4625 2684 3085 9936 9843 935
323 4902 1019 1199 4191 9934 4933 1461 6098 5532 3672 6082 8994 5715
324 3763 2977 8292 8604 3461 6346 7743 885 4351 6554 2345 8716
325 563 9262 3616 9159 2556 4551 5126 2334 7913 7965 7806 1121
326 6300 6354 5498 3417 8286 3352 7454 4684 2168 6334 5623 2148 8376 7598 1896 1043 4765 6635 5064 8722 2
327 6854 6164 9238 9873 8418 9737 6005 8549 3296 1713 7198 5500 5451 6938
328 5059 9996 905 6092 8734 9591 8725 2738 5506 9649 979
329 3980 5537 1678 66 350 9622 62 923 3195 2184 2643 2962 79
330 8772 2445 5603 1844 8321 9077 2015 3910 774 259 935
331 3217 6989 351 1527 2853 3618 648 2644 610 925 2155 3758 7883 2240
332 9630 5388 5415 4917 6637 3769 47 8529 3273 6669 6537 7762
333 7518 4637 6345 3705 3515 5382 1258 9530 4053 8663
334 6873 9091 1587 2472 5716 2315 6425 2514 9736 9409 4089 3092 5318 8212 9607
335 4438 2869 1992 4141 9210 4841 8091 7095 3044 7991 9352 5401 2611 8431 4035 4326
336 3710 2055 6094 8358 5135 9446 1714 5232 6299 6597 2411 4967 2
337 3737 9508 2129 7059 769 4871 6540 4161 7982 8386 7206
338 9038 5190 1248 7576 7067 4636 2927 6728 8702 4594 6563 5887 5208 1868 2962 2327
339 6009 338 2069 4368 1041 6494 6136 2941 4271 8834 4501 6030 2555 9007
340 3442 1616 2680 3338 53 7522 8402 4147 314 7431 719 8293 2643
341 8192 8413 5736 4564 9345 6117 5953 2220 8528 3753
342 6893 2214 3958 7059 7817 7409 4713 2607 8356 3967 6201 3759 6001 9043 1557 6938
343 5610 4713 7381 7137 2586 9962 6977 9 5836 8195 9376 9930 3543
344 5015 4615 6248 9081 5644 1527 5092 8771 9816 8140 4901 6327
345 2049 4153 685 7287 8222 6809 3851 1078 9347 935
346 366 4029 7237 1200 6120 2540 263 6990 873 4349 6909 4035
347 507 6884 2483 3389 4582 6814 4627 4328 8939 4315 7221 5129 3584 7997 4340 7296
348 3834 1080 8057 6203 8034 2819 1326 5803 5594 369
349 3516 2782 2719 4285 4466 9412 9513 3987 6090 6733 6920
350 9068 4259 3616 7945 5363 4250 542 6151 5104 8862 1167 9244 979
351 3666 4895 2647 7433 2185 4729 7590 4942 1037 581 3286 6453 5141 4280 2060 6584 321
352 8310 2034 9314 6913 9067 5868 2298 3471 3411 6186 5846 8855 3631 476 1383
353 3737 6762 8167 1694 6758 2485 1128 4704 399 2839 2885 4877 4199 55 232 3543 6458 321 9533
354 4000 4018 2189 2708 8564 891 7042 9876 923 102 8269
355 4964 9092 3039 1316 4830 8749 3767 5572 7949 2555
356 4576 1840 452 7104 5162 8588 1955 8670 714 7464 310 9806 4071 6613
357 102 9827 3370 2572 7925 9750 2849 6658 4975 3757 4340 7413
358 7408 4493 9143 639 2384 9489 2459 6702 6491 4424 4714 5668 456 7055 6482 8994
359 1406 5237 8641 7434 3133 9036 9711 8749 6072 4573 4530 8685 4870 6049
360 4928 1140 6096 5936 7796 9825 384 5721 8659 1667 1501 8820 8268 8919 9425 2156 1601 2175 7699 7652
361 6561 9683 1577 9478 8898 3333 8988 8244 5938 4628 5762 9834
362 34 2499 828 318 2935 631 4744 1767 5750 7948 272 4520 2537 7883
363 5912 7645 9390 2905 674 2626 6105 9960 4652 7191 6717 8809 9666 6687 7709
364 7415 6411 982 7716 5792 6462 9702 2118 3745 5737 7151 1348
365 2408 3083 5981 9728 1718 9349 1645 4275 3185 7901 3885 3894
366 2419 1644 4672 7562 5973 6769 8324 5638 9846 8438 8009 3697 7950 3103
367 3780 6192 1967 59 7107 6886 6364 8279 3108 4068 3836 3830
368 7498 5965 9471 4872 1936 4580 137 6485 3983 6952 9931 2962
369 5705 5530 472 4154 889 1051 6253 2800 1915 3843 2577 1216 7699 9968
370 3058 9200 9116 6856 4521 179 4767 3375 4956 3326 4365 9244
371 3895 5529 4090 7183 6448 4919 9648 6552 2410 2653 5920 1799
372 2882 4990 1350 7783 9722 7972 7469 9994 4691 4334 8308 8686 1150 79 3074
373 9554 7789 4042 3224 8729 8250 3973 3419 6223 8054 9604 6899 4020
374 8066 4270 7768 6339 2202 8740 7150 3842 1106 3184 8711 79
375 4474 8392 7079 5587 4488 6273 3718 7019 9678 9232 9957 5898 8994
376 6961 7128 9006 3200 3646 6234 3563 8386 2863 9705 560 1132 3981 2662
377 6885 905 1568 249 5987 612 2925 5243 1541 4491 574 2962
378 2017 5813 5258 2605 7396 9115 8846 5538 68 9276 189 5313 1546 5880
379 9070 6835 4770 5829 4895 3671 5564 4708 7090
380 9428 512 3666 2468 4969 1944 9150 4412 9433 415 6879 8290 4340 5715
381 3313 4593 7718 4210 9424 9628 86 1303 3425 7262 4913 5316 3074 3877 5715 9968
382 3896 3778 5503 8430 4478 7566 5853 6521 4173 7696 9943 5322
383 7661 2639 3591 6941 7188 3993 3239 939 5411 5794 5171 642 1570 8345 7285 5715
384 7892 1568 7964 7080 4447 7934 3754 9661 3715 1053 6962 6020 3602 935
385 9400 9894 129 4724 3603 7336 6336 9692 3282 2750 9542 6739 5275 2409 2904 7762
386 7270 9445 8026 6639 161 4941 3448 6780 1566 5183 3858 8134 3032
387 4564 3201 4031 3256 2913 36 9321 4490 6148 7374 7267 1668 9533
388 9949 1586 6878 320 6461 7772 3031 1304 2627 3936 7153
389 5961 6634 3630 1927 9709 7014 425 6925 2834 4181 6606 3364 6174 4462 9301 1079 5643 7438
390 6209 5016 8219 5951 3436 5320 1272 3151 6588 4343 2013
391 4644 5644 4436 6142 455 8990 8292 2609 4392 1339
392 4186 1754 7196 5382 4255 1722 3614 6032 8078 2437 3936
393 1670 5710 8960 5941 1834 3252 1977 3551 7808 6903 8346 2676 2699 7569 4971 745 5326 979 3894 2 2340 7762
394 4608 2705 7993 8868 4928 809 5679 2066 5465 8775 5147 8887 9253 4871 7146 5762
395 8843 6177 8548 1920 2749 4622 4070 2113 846 6363 4791 3464 1206 8927 1642 2
396 9716 4522 8028 2378 303 2995 4102 961 7165 898 3979 7980 2136 9968 8994
397 5450 3588 5816 4716 3563 2077 884 265 7779 4997 5727 1523 8809 2288
398 5931 9617 5588 4412 5628 9807 8382 2647 5304 3807 3561 5247 1534
399 8402 5564 3848 9505 318 5615 2235 6179 8719 8291 8713 6855 5748
400 9774 3472 7703 4690 5216 9567 5820 6799 5159 776
401 7112 9925 309 581 7712 165 6556 7484 8770 5373 3507 5248
402 237 7394 6518 9885 3755 8158 8853 2504 9159 7851 6374 3700 8461 3043 1353 9968
403 3804 6602 5049 5414 3175 124 7632 2781 9989 8817 8858 1774
404 9234 9220 316 3589 8955 5376 7621 6509 2318 8908 4909 8994
405 6678 7554 6461 5932 6309 1664 2431 6093 4836 2978 9199 7240
406 9831 9508 2793 8833 5240 9952 9788 3090 7377 2574 7740 5775 1625 321
407 1770 4220 7716 2536 2832 9504 3571 2112 8433 6695 7225 1058 2288
408 4379 531 2384 7813 60 4950 3345 1870 9746 3206 169 2183 2643 6938
409 9248 738 6035 3372 2420 2548 3419 9855 4576 5655 9347 1238 2288
410 1712 6136 1727 9146 5230 5789 8215 8520 7126 2568 469 4021 5848
411 3641 914 805 5309 413 3387 9247 8952 3065 2606 9115 7050 9013 2983 2349 7699 745
412 5012 281 7624 714 6801 5292 573 8697 54 5225 3747 3932 4027 9199 7880
413 2734 4051 1896 1253 8191 368 5854 3709 131 3760 3320 9114 4234 5869 9968 321
414 9370 3420 9845 8265 4261 5929 4142 8666 42 9598 5661 2856 6351 8907 7652
415 8038 5764 6539 2235 7491 8997 7884 8956 738 7173 2063 8716
416 9442 6267 370 6086 4945 1136 4759 4192 3797 2616 8789 3657 1876 3728 3836 7762 9007 2962
417 3922 8559 192 7882 5782 6107 2390 2267 4602 4824
418 1468 5652 3297 9738 1849 7627 5399 4512 6818 5772 9480 7519 7699
419 7342 8953 5028 6587 6224 8660 4407 7354 9909 6202 3479 5388 523 4311
420 6661 5841 8299 2752 684 127 5291 5870 4680 2988 895 8688 6304 3795 979
421 464 9682 1696 9493 3019 4918 6850 7708 4747 7686 9129 3936 6613
422 4177 5642 6485 3948 5913 4497 8285 4178 6168 7819 7541 8166 8503 3479 730 6170 2704 2240 5962
423 8122 6665 9196 8272 2795 3126 5737 207 9005 7353 2241 9347 5869 1383
424 4195 8230 9196 2958 5121 6899 6961 482 2574 5547 6267 5952 518 9244 7296 3032 2240
425 9406 2842 1369 3048 1586 2130 6578 9041 4273 7715 6973 5042 6730 782 8387
426 4974 5163 2000 1620 8331 4181 9956 3064 7605 5217 4415 1718 4864 9637 2570 6920 3792 6101
427 3522 8608 7843 3656 6954 7781 6085 2024 353 1626 4958 148
428 3265 8413 1946 2210 7104 8438 7403 966 9753 7154 3074
429 3627 7988 9972 8775 7135 5257 110 9798 6822 4006 4397 786 9861 6354 4884 3427 7012 9129 9533
430 1595 976 2205 7591 6339 5923 1593 1396 3357 6649 9352 1948 3894 79
431 2505 6241 9243 777 7761 6893 3660 6227 529 9332 1916 176 7133 4901
432 7497 1423 3777 4805 3345 8091 102 9150 4102 881 510 4402 9548
433 6884 9616 1205 8002 6089 4206 840 7215 3269 1272 2253 4967 9712 6280 6547 6692 3758
434 4030 9170 5184 4438 8979 1566 998 203 6262 7699 1668 5715
435 230 6188 4297 6052 4766 5268 1992 9201 8168 7562 6836 6952 2932 753 7652
436 4448 1716 57 7253 1318 8807 9307 2693 1901 5286 5647 2611 3545 1343 2986
437 1545 2710 4766 2040 2561 7704 2590 2331 3486 9404 7120
438 6707 1023 143 8951 2163 8647 5931 1499 7434 7254 1299
439 3192 5615 2258 5426 9225 9292 8434 4342 7686 478 139 2962
440 6109 5678 5317 8303 2705 5061 6971 4505 4778 3183 1273 8053 9244
441 3994 7466 3806 469 6160 7210 1102 6586 5734 6479 8114 9643 1366
442 4276 1936 1264 7963 6002 8949 204 453 8061 7485 3173 3753 7699
443 1077 5513 8859 6689 8582 3860 9976 5829 720 4274 4527 79
444 451 865 5447 1202 65 857 4139 9640 7723 1921 2458 6014 5677 8994
445 6801 3699 8828 4265 5399 4840 8962 3743 4487 2868 465 5700 4302 7088
446 2984 873 8025 6823 2211 140 9489 2134 5619 9033 1752 1979 7652 2240
447 47 6231 6704 5039 5022 7810 3742 6619 4280 2555
448 6958 7072 3573 2351 196 8724 1029 383 9646 4517 5698 3074
449 7473 7972 4508 9454 1911 9648 2550 9150 8402 4043 8145 6258
450 6651 9222 167 9787 1772 4573 6089 3545 1380 6126 7409 7536 6297 5002 5768 3584 935 2962
451 2397 3056 1018 1857 1113 542 8674 33 9448 2965 330 732 1299
452 1573 2006 7396 4533 915 3738 8638 9700 9416 6412 6875 4531 8711 352
453 3333 965 8019 2580 4077 5204 2004 8718 7028 1373 6358 3172 836 4068 5715
454 6560 3065 2988 5675 9315 9218 4248 5454 1935 9830 7942 9755 8343
455 9379 894 4685 9963 8677 1457 7674 1036 549 1353 2240
456 8371 6361 5671 273 2381 3860 7131 3925 9804 7444 5342 1850 8343 1552 7710 9374 2962
457 9716 5096 8784 9166 6480 1104 9318 2252 5123 501 4898 9199
458 5656 3411 4724 8379 8066 3356 524 4206 6620 4403 127 5897 1528 9645 4176 399 9075
459 8801 9097 6490 1327 783 2765 8540 2297 1247 8371 7662 3597 3074 321
460 1269 8662 2686 6388 4080 6038 3697 5018 1344 7522 1822 8387 935 79
461 9511 4209 2180 6897 8274 2881 7692 2317 2604 9746 2718 4780 8040 5846 1625 8491
462 9984 2969 5573 6792 2249 5476 8824 806 5951 2327 2962 2240
463 5463 6206 2609 292 8201 2415 3852 7155 5876 1986 9545
464 6287 1630 5651 4100 1014 3045 3217 2246 4607 8236 9735 7610 7997
465 9704 271 6688 626 2244 2721 2490 9718 5199 3290 4730 2154 592 6137 13 5507
466 6118 3887 7832 2163 5425 3773 815 8822 1877 300
467 9811 4954 2225 482 5044 1163 6793 4964 2245 2565 5294 5925 7026 2121
468 5810 252 9858 7492 3773 5103 6647 4045 9063 4220 4553 7025 7821 2704 7053 5219
469 3349 4907 2829 1682 7893 2623 4736 8845 7946 2022 6568 8345 2643
470 5156 9440 6763 7363 6056 4077 7443 751 552 1476 562 1925 6146 3101 7756 1934 6020 7153
471 5378 6003 5597 5554 7779 5121 1792 4138 7036 7454 7732
472 8473 4980 8738 3414 2419 5875 7920 920 9859 7981 6459 6545 8812 4020
473 9631 8985 4277 3109 319 5685 3194 4725 91 839 8601 1737 205 321
474 6066 5301 5720 1404 9956 8895 2757 6448 6256 3964
475 713 642 3484 8195 4301 4777 8276 3225 140 4567 2746 292 3028 7902 8293
476 603 8739 6128 7954 1104 2857 9901 9098 9360 7389 1470 1941 5643
477 3855 8033 8382 1694 4498 4483 9140 109 2817 7429 7782 9007 5962
478 8120 6431 5461 5332 7774 3127 6784 3971 8220 3303 7713 6327 5715
479 4256 7739 8947 6496 3133 7944 9455 6585 6473 6332 1888 9534 5756 8539 9795 7759 6134
480 4931 1553 4862 92 9937 6169 1974 6850 1535 6464
481 38 1643 3378 7597 3388 9543 380 1162 4644 2030
482 6430 3027 5289 5694 3887 6107 5151 7477 7513 7586
483 353 779 1848 7593 2708 7555 6949 2447 4256 4781 4580 8487 2
484 6456 6976 2667 70 7341 3123 740 6144 5569 8133 2485 5869 4855 7652
485 9326 5011 8504 5903 5955 7888 7560 3973 8174 8859 7699 5962 2288 935
486 7734 8799 2300 8253 7677 8446 1626 4737 2562 399 9043 7949
487 2141 1879 8897 7613 8800 845 3109 2877 8790 2372 101 3508 374
488 6076 8864 9752 5694 6573 6100 8538 4718 2319 6653 8947 9604 8601 4377
489 1519 44 9601 6654 4328 2769 4726 8978 9740 7868 8780 6413 4151
490 812 2177 2190 6349 6037 4703 1997 3184 578 7760 1355 1071 9709 5767 1105
491 9020 791 7203 9708 1318 3764 8653 2062 3838 4612 8614 221 4362 7240 6258
492 2165 6542 9761 6904 3024 4556 9241 9449 3716 796 4073 61 4719 2437 9842 3894
493 4892 3161 4479 3887 1635 6167 1390 4548 2693 3158 3074
494 7585 4537 3863 7616 3126 6250 2168 9440 1369 8215 9369 356 9841 3466 937 6465 9007
495 1626 5416 1890 9477 1280 4207 8730 9172 7587 8896 3103 3074
496 424 6656 9450 3433 4410 7531 3118 9361 4973 5295 6063 5437
497 9484 2656 6854 4761 8808 3626 258 4628 7234 5677 1668 9545
498 1059 4187 2798 490 2930 5828 8548 8040 6665 6360 9470 8481 2288 7296
499 5372 8635 3410 6013 2420 5663 7309 7573 1278 3119 2019 6153 3792 935 2986
