100
0 377 1368 505 4227 31 4040 6614 8949 6779 4048 6052 62 97 949 2498 6045 2334 425 2594 2482 1009 242 3160 1725 220 451 293 5246 677 166 2841 797
1 234 32 66 3164 2611 502 505 946 1509 1967 633 760 1889 6820 475 1566 309 159 98 302 664 472 5689 40 9359 2433 371 377 7986 1290
2 0 1 2 3 4 9 6 8 5 17 10 11 7 16 36 24 13 23 12 15 27 14 34 29 103 38 28 65 320 44 33 637 110 53 20 70 22 63 252 69
3 39 105 24 188 244 433 4138 161 1130 112 235 40 1593 651 127 2657 103 173 134 499 45 2517 168 273 84 222 635 48 6745 2378 4347 725 3097
4 10 26 16 36 17 28 129 38 31 144 57 257 30 392 147 37 106 22 2052 54 173 33 160 82 65 335 85 43 120 222 68 217 152 1679 2818
5 0 1 3 2 4 5 7 9 15 6 8 14 10 12 16 24 11 25 20 13 19 38 23 29 18 21 97 33 27 28 22 62 35 41 26 100 199 37 69 193 303 3110 3849
6 7142 475 135 4336 6321 1657 926 295 1146 382 7238 7032 517 3659 368 3128 254 2709 62 54 304 484 4552 628 233 427 3887 60 350 7660 151 118 459 4977 6656 1310
7 0 1 2 3 4 5 7 6 12 16 11 9 13 10 18 46 28 40 20 15 8 68 47 55 26 23 24 89 97 157 205 57 72 63 224
8 99 2724 221 381 980 3824 47 646 6116 282 2959 1948 472 9478 7828 721 4976 179 112 497 543 7703 431 5547 250 770 666 158 485 155 1572 3198
9 425 171 2158 5063 307 227 6549 1397 1554 2380 4259 3642 67 44 51 255 526 3935 401 1104 206 109 168 757 1223 3320 352 2849 91 715 287 934 968 6729
10 0 1 2 3 4 5 13 6 9 10 7 12 25 18 31 19 15 16 14 20 11 26 28 17 8 27 36 33 23 24 42 22 81 35 371 152 332 2848
11 23 25 54 55 46 114 18 19 91 246 180 136 51 79 61 67 74 82 103 111 117 477 187 243 43 251 38 1428 171 110 29 138 52 73 112 161 3038 1434 356 6126 1495
12 0 1 2 3 5 6 7 10 9 13 4 8 14 12 39 19 20 18 61 26 82 95 40 63 16 17 11 188 78 36 57 30 22 110 43 84 166 2177 138 867 1502 1310
13 70 375 567 1828 36 1271 3989 4162 325 5604 6480 174 244 1407 1506 95 750 29 947 3648 457 4482 606 1087 4319 4001 8116 7325 4350 3839 145 131 176 2264
14 9 45 20 58 38 35 53 1007 89 666 22 1228 43 74 48 146 936 52 49 68 366 254 94 67 91 171 77 138 148 6604 909 442
15 0 1 4 2 3 6 7 11 8 5 9 12 13 14 18 34 10 20 84 45 17 66 25 16 29 22 87 19 41 15 36 107 51 38 28 193 389 138 968 3774 9365
16 170 51 27 62 44 1610 199 610 612 314 242 247 2014 93 126 275 258 621 169 121 109 142 418 145 184 250 201 2385 264 8365 234 435 625 517 3502 1210 1401 1332 659 992 148 6097 2112 1583 155 968 1315
17 0 1 2 3 4 5 17 6 8 11 10 13 12 9 7 16 23 19 18 20 24 15 28 111 38 222 418 87 128 30 110 50 122 131 65 1951 138 5381
18 0 1 2 3 4 9 5 7 6 10 17 8 15 19 31 18 33 14 42 11 35 29 40 21 26 24 59 20 108 109 384 28
19 0 1 3 2 4 5 7 9 6 10 8 19 14 18 28 12 20 16 17 82 21 30 11 13 31 15 22 32 74 38 34 73 980 271 67 1427 940 126 252 2264
20 0 1 2 3 4 5 6 7 8 11 9 10 12 17 14 27 15 26 16 30 13 22 36 25 35 49 24 33 20 80 18 61 41 50 5526 120 1290 2591 4171
21 1297 3176 66 9998 136 263 74 448 368 1747 268 5895 3698 4255 118 1218 1934 181 1687 1292 7934 87 1309 9569 2425 403 885 2752 97 868 164 9382 355 1263 2848 4247
22 1216 590 1765 950 1317 5357 151 297 756 703 270 2346 1057 515 7266 79 62 1522 226 3403 1558 1494 139 60 1066 606 1251 95 264 752 2703 4524 8528 2857 138 2818 1310
23 0 1 2 3 5 4 7 6 8 11 12 17 9 18 15 19 20 53 21 37 10 49 14 35 13 33 55 58 50 34 23 24 46 44 57 708
24 531 247 333 2552 3938 366 923 284 457 971 2066 7429 2206 122 96 161 3470 250 942 2393 382 191 330 906 91 1000 2080 636 739 1154 581 836 720 61 3694 8992 184 708
25 46 40 283 227 101 45 130 26 383 88 69 83 54 84 7773 59 160 178 43 188 89 425 72 129 140 266 1235 193 7685 1001 1134 1048 1495 120
26 105 43 379 336 3317 1797 1919 989 5001 805 3535 31 84 7748 1886 99 4984 3604 4662 208 1698 998 396 1080 1323 784 332 8454 1783 3497
27 1128 475 6874 64 693 397 952 58 51 5235 163 5847 7798 502 7553 6589 506 1386 2247 8438 1611 6531 1971 218 452 3883 6558 5627 776 2244 1434 6668
28 213 21 36 64 67 22 43 47 294 29 42 56 26 40 489 815 1137 24 75 197 349 105 884 104 39 954 144 54 432 37 236 9517 1263
29 33 40 52 42 5195 1867 446 163 4088 306 35 14 200 559 53 2684 67 41 1389 350 5020 204 391 37 43 1099 143 2212 308 448 197
30 67 75 7756 402 911 302 602 61 598 157 347 334 2088 1660 694 6252 703 4602 1775 5463 4779 498 123 1642 513 1392 801 328 909
31 447 68 207 144 27 197 254 2942 1888 37 32 90 50 533 29 113 81 124 83 97 52 44 69 851 35 71 102 217 514 78 249 117 155 8733 5350 8466 3591 138 867
32 0 1 2 3 4 6 7 5 9 8 11 16 10 17 18 12 22 15 25 20 13 281 14 34 27 24 49 38 39 186 61 35 152 138 709 176 3992
33 46 26 54 178 141 43 59 262 55 70 284 58 106 97 143 47 53 50 33 98 86 212 23 24 92 49 44 103 52 812 2848
34 0 1 2 3 4 5 6 10 19 8 16 24 7 12 18 14 54 25 34 15 41 32 27 21 11 30 17 13 28 155 33 26 29 64 69
35 0 1 2 3 5 4 7 8 6 11 14 9 13 28 10 23 19 16 25 37 15 52 27 97 55 61 137 49 39 60 21 53 51 72 26 57 35 114 7718 107 138 8450
36 1638 42 37 66 48 712 59 45 75 125 107 60 1052 149 102 46 296 56 32 40 146 100 1481 119 252 137 21 187 158 647 148 2979 406 9798 676 206 1005 9562 1168 126 554
37 952 444 156 1974 2092 150 481 328 437 8890 1156 2932 165 62 228 5610 530 61 1591 3390 145 339 250 512 9551 385 112 5853 625 194 5180 135 4374 1408 873 3102 1737 3097
38 49 96 101 94 31 46 28 41 339 56 137 165 18 139 155 907 59 136 61 67 259 23 225 186 30 1064 718 128 26 1606 1937 355 138 252 6656
39 60 20 41 35 447 24 42 128 33 315 73 32 135 21 86 309 59 114 90 120 240 180 56 27 499 53 47 1828 273 337 199 183 8843 5270 665 280 6082 7548 1671
40 34 30 32 47 54 86 452 51 39 17 109 31 105 73 55 93 81 538 44 107 88 36 53 204 64 52 439 254 90 1958 155
41 62 37 331 21 39 97 34 75 42 1489 88 48 119 29 172 28 176 170 249 123 491 76 141 86 52 110 161 283 151 218 247 5154 210 137 280 655 7347 2153 3198 554 3975
42 0 1 2 4 19 3 5 9 7 20 10 8 14 11 12 17 30 16 44 15 38 13 32 63 6 93 234 18 478 31 35 60 27 23 57 81 444 69 3097
43 62 2135 724 2052 8512 174 2218 8629 2262 755 1353 2195 2473 248 313 6094 3828 332 2859 2094 327 324 194 7797 465 347 1758 3358 158 1571 236 968
44 13 25 16 38 77 171 100 41 53 936 1107 89 689 102 216 3499 145 23 117 48 43 75 519 71 56 187 85 66 6169 778 486 3831 1290
45 0 1 2 5 3 4 7 8 12 6 11 17 22 9 10 13 19 39 18 15 16 25 23 79 46 70 108 44 36 30 38 99 14 155 69 1954 583 1502 7055
46 134 34 1424 37 150 39 106 74 679 80 802 70 88 235 437 2144 149 1363 1390 836 2950 2628 559 9086 5638 1041 4372 628 338 419 505 224 355 138 1502
47 180 32 48 15 31 225 144 29 224 58 53 47 115 28 77 521 1426 168 85 100 421 98 174 109 153 87 41 480 288
48 8355 338 66 6879 86 2683 4450 1052 3412 5489 997 5779 118 92 124 638 8947 4540 106 475 487 267 43 2359 1218 46 1303 958 6383 2811 1885 83 8773 704 3494 3423 148
49 12 17 20 58 24 32 335 42 63 62 82 22 84 224 501 185 73 68 69 29 240 76 109 124 33 234 142 807 36 542 95 209 47 762 1482 3684
50 888 154 2662 1067 143 1804 5144 6006 83 582 37 6310 4340 234 3740 110 4498 1658 2288 137 837 761 2011 8389 207 3574 604 224 303 3483 3244
51 0 1 2 3 4 5 6 7 11 10 12 8 9 13 14 45 18 21 17 24 35 15 22 28 20 64 16 26 27 117 33 30 41 34 143 78 725 977
52 0 1 2 4 6 5 7 3 10 15 18 8 34 9 20 32 12 22 51 14 19 28 47 37 61 27 64 39 24 207 11 68 50 65 355 1954
53 0 1 2 4 6 3 9 5 7 26 10 20 13 12 11 14 8 16 21 24 17 30 45 15 84 41 72 70 100 121 48 22 27 360 225 105 927 4525 4371
54 66 34 845 1378 6571 519 1250 383 7399 2961 90 3955 55 826 1476 6907 736 8989 1121 1327 3379 2697 4181 99 65 735 1038 4738 1613 140 773 429 8725 2902 4500 869
55 36 38 53 23 110 103 677 146 99 18 266 5971 25 89 54 28 1996 19 52 69 71 32 107 510 230 7433 2282 334 40 216 75 369 4478 978 184 404 252 138 3244 1737 1502
56 5359 326 820 210 7637 1329 2114 1871 111 3529 2624 887 528 1069 88 4309 693 359 629 2476 48 3863 3038 1499 167 64 496 1152 901 2177 914 5526
57 875 7316 1865 343 2142 845 292 866 462 101 976 93 3535 358 7027 6558 1413 90 8688 237 30 7658 6684 2169 851 1424 230 524 3257 2282 2491 184 3600 708
58 41 34 26 71 12 186 70 178 65 60 39 1363 75 127 59 23 47 81 206 133 916 123 21 156 28 126 221 42 928 112 299 1159 2153
59 16 42 27 39 26 56 125 28 22 31 65 80 48 167 204 83 118 142 226 535 116 195 123 194 139 70 93 60 32 479 163 323 725 6238
60 0 1 2 3 4 5 9 6 10 16 8 15 11 28 13 23 18 14 7 19 12 77 54 21 27 83 24 22 65 29 17 50 85 37 132 26 156 199 1756 5554 797
61 7981 395 295 2739 348 508 115 78 208 822 1300 6043 5882 42 460 524 7064 1983 341 189 798 3594 50 202 152 566 271 243 1218 6467 4968 1029 1077 708
62 173 83 363 156 50 76 43 113 90 47 209 59 259 796 345 85 147 53 18 35 29 1583 117 6025 3915 672 7777 80 1591 5778 7624
63 0 1 3 2 5 4 6 9 7 8 11 15 24 14 34 19 47 21 16 12 23 131 10 25 33 20 117 13 35 26 84 56 28 64 57 55 1263
64 246 1404 106 122 163 4654 1936 923 2147 57 5502 5193 6210 77 3230 4688 1214 1966 3808 181 327 5330 549 9521 697 422 3777 3003 434 1177 1737
65 1999 353 1108 46 5412 9338 422 1460 1552 205 3617 588 383 315 1694 45 7431 97 408 1017 103 8871 7854 146 1713 773 1074 1643 253 155
66 1042 1948 1959 1438 3324 160 1677 5834 1152 1967 1105 422 25 1686 152 124 45 2664 4477 2579 99 126 54 1402 38 3700 2568 122 5120 252 1452 1951 176
67 180 6359 50 7702 1039 308 1845 100 333 127 1562 98 293 6504 4151 1516 3357 658 220 2860 161 348 18 317 1442 107 72 2172 2741 3706 2060 5921
68 0 1 2 4 3 6 7 5 12 11 9 20 14 18 17 10 15 21 33 26 31 76 16 13 60 8 19 25 22 58 59 28 75 554
69 141 1593 1499 1883 427 388 1279 358 8180 276 3561 54 756 3520 6767 2177 7231 83 1446 516 1061 119 99 8004 1628 3710 2551 153 1266 1522 128 80 679 977 107 6290 873
70 29 73 56 76 41 203 180 170 28 82 344 45 48 42 66 109 1917 89 74 299 62 590 91 149 582 1257 151 2624 446 990 2862 315 65 158 809 102 132 1954 708
71 0 1 2 5 3 4 7 9 6 20 10 8 26 11 15 36 16 22 19 18 17 21 34 62 131 12 110 29 27 13 268 68 84 48 38 30 44 451 28 404 2591
72 777 4307 1785 1650 9465 56 399 7120 886 5951 6409 2121 1637 124 402 2625 507 373 1096 137 9294 436 47 2437 297 90 534 1738 428 37 879 199 9542
73 111 48 41 49 178 92 156 1756 83 597 21 66 1953 19 31 39 149 40 137 71 132 898 30 35 82 32 9547 2878 54 1311 118 74 268 1495 751 2700 3774 867 2060
74 0 1 2 5 3 4 8 7 6 9 11 23 10 22 24 21 14 17 19 12 13 39 16 71 37 20 18 34 35 36 25 50 38 138 57
75 37 35 45 57 88 26 49 78 93 517 56 158 94 339 66 351 43 775 134 90 1642 114 55 481 86 133 778 1119 146 194 245 8150 5990 2266 236 6930 3244 1671 6165
76 0 1 2 4 3 5 6 16 10 7 8 22 9 13 12 50 24 14 11 104 39 30 17 26 33 27 46 112 35 23 71 21 88 121 2060 3849
77 1407 1071 3603 114 658 183 9355 1087 203 9710 5872 208 180 289 302 30 715 512 1228 53 1577 528 142 2398 1992 402 251 118 237 5817 331 236
78 218 32 107 139 39 56 26 83 77 129 52 429 48 71 16 611 47 65 59 67 42 172 275 43 276 572 110 138 27 158 135 4336 82 1156 28 233 3756 2264 1502 1310
79 0 1 3 2 5 4 7 11 6 13 10 15 23 14 8 16 18 71 34 9 87 25 21 19 98 26 28 50 53 30 27 44 72 60 51 152 206 1896
80 0 1 2 3 13 6 5 4 10 7 17 11 8 24 9 25 20 19 63 36 32 16 38 18 14 29 15 111 50 33 77 107 95 377
81 0 1 2 4 3 7 9 6 8 5 12 15 45 10 17 27 13 22 19 14 68 16 21 11 54 51 38 25 24 144 100 95 20 106 57 37 120 69 869 1263
82 1227 1299 2908 394 1866 60 235 335 1695 9722 374 4716 129 4577 6223 536 55 58 6029 1171 2429 92 131 154 578 43 420 5997 2693 65 79 3215 158 114 1270 900 869 1671 3097
83 0 1 2 3 4 7 5 6 11 15 12 9 21 8 23 25 39 47 19 24 27 161 81 29 71 32 20 63 49 250 669 35 13 62 14 554 3110 797 138 3975
84 1393 1466 1333 426 130 246 57 136 647 714 5848 271 1258 612 6357 1366 299 5582 49 317 530 501 7792 92 806 392 8241 276 896 43 181 1734 199 229 8402
85 169 101 476 544 2838 124 429 68 687 2842 503 3941 983 2932 3593 139 49 7345 296 2447 153 6790 2692 241 217 207 1286 72 1324 1667 583 138
86 254 5570 128 635 7030 241 2976 3624 277 4630 2887 838 7291 6642 96 3935 2430 49 3972 6348 35 3511 662 579 564 6599 3243 263 5773 120 3849
87 91 251 116 52 180 882 104 21 231 32 159 30 82 26 41 109 1073 110 45 177 128 4738 33 36 130 56 397 122 55 663 3053 869
88 46 26 134 108 124 33 42 67 119 513 30 714 907 278 153 526 70 79 139 96 234 89 406 772 1027 328 409 469 267 1388 554
89 6711 205 1573 7267 7497 3797 2028 1008 1307 2689 400 2315 524 465 6188 57 307 2796 704 1733 1114 267 7059 43 1680 162 3425 7448 216 3862 1354 1172 102 2120
90 31 45 75 37 48 27 285 65 29 184 63 18 49 22 232 50 68 110 116 115 163 32 102 74 155 2178 1283 188 7820 5127 42 660 3100 135 3249 409 138 900
91 33 55 93 40 60 35 41 112 49 37 59 47 45 142 128 817 105 51 122 70 267 74 66 1155 77 202 651 111 327 148 2513 1671 3244
92 43 3511 5136 5469 2978 7013 23 2340 4589 123 279 1208 5561 7301 339 1512 774 2509 717 5820 5675 5414 2288 5046 179 568 93 101 8738 1137 1799 316 184 138
93 94 458 629 114 131 3996 301 618 1351 2298 68 937 1702 161 473 4889 491 6013 9246 8386 1726 205 410 152 254 90 1044 2097 778 969 1817 542 376 5329 709 2659 624 2930 859
94 54 21 102 40 200 259 76 210 332 131 68 5855 198 173 58 752 80 370 1966 7995 2610 722 835 104 127 402 98 632 982 436 262 277 1953 1506 356 1604 554 900 5921 138
95 68 405 3476 3679 2114 186 2521 602 2250 32 886 126 1049 170 6636 67 75 255 191 7866 132 4300 1216 136 1114 6412 145 3937 706 102 5101 7585
96 180 9357 153 6438 360 437 113 182 158 723 1461 780 127 196 793 727 296 541 309 23 442 231 1272 1506 1721 4632 628 2477 4914 8692 69 330 962 290 329 243 2291 1495 138
97 559 397 2114 218 1209 674 543 1177 2538 213 1358 251 246 166 1266 581 565 7710 2592 44 516 9666 1478 6051 80 2117 8660 247 362 1294 1546 494 909 468 968 9584
98 298 160 210 329 60 48 262 3016 216 284 202 7574 1846 4790 582 1740 526 99 412 68 125 566 231 6015 1787 4642 4314 1697 3098 1184 3097
99 1996 3644 151 45 9061 455 8886 1806 2832 6510 9175 1101 335 624 140 1739 459 605 1654 9465 113 179 142 5540 2650 225 49 121 1981 252 867 138 583 708
